 -18.1909   26.4299 -0.887748  -79.1853   17.5114   75.7249   11.6877
-17.1537  20.0019 -3.08326 -80.4098  17.4127   77.065   11.896
-15.3272  13.1094 -5.68365   -82.25  17.0061  78.0994  12.1062
-11.7743  5.82478 -7.86339 -90.8594  16.1095  72.4495  11.7879
-8.45858 -1.35943 -9.24233 -98.9435  14.6447  67.0752  10.9689
-5.73592 -8.39866 -9.68674 -106.478  12.8033  62.1624  9.60926
-3.67877 -15.2128 -9.32778 -113.432  10.8688  57.8736  7.84188
 -15.2605   27.6973 -0.252092  -76.2389   14.6437   77.3465   10.2118
-13.9622  21.3315 -1.88217    -78.7  14.3631  77.2576  10.1999
-12.3946  14.5825 -3.81635 -79.1308  13.7843    79.47  10.2269
-9.25776  7.28397 -5.39117 -87.9461  12.8036  73.6819  9.55495
-6.33485 0.196725 -6.24441 -96.1399  11.3495  68.2808  8.41932
-3.90494 -6.63229 -6.28243 -103.697    9.575  63.4335   6.8029
-1.98694 -13.1196 -5.65695  -110.57  7.73269   59.327   4.8391
-12.2254  29.4462  0.32166  -72.817  11.7413  79.4376  8.86382
 -10.6454   23.1615 -0.823034  -77.4333   11.2949   77.0933   8.52408
-9.13854  16.6319  -2.0558 -77.2663  10.5104  79.6913  8.33716
-6.63141  9.51513 -3.02511 -84.3685  9.44357  75.5655  7.43048
-4.14252  2.56733 -3.34566 -92.6658  8.01837  70.1357    6.014
-2.02249 -4.04143 -2.99727 -100.272  6.32641  65.2765  4.19664
-0.308965  -10.2034   -2.0567  -107.091   4.49131   61.2591   2.05055
-4.94555  20.6972 -4.94091 -80.9537  4.42171  56.2064 -15.4267
 -7.1824  25.4274 -0.18032 -76.6033  8.34575  76.6172  6.95611
-5.71973   19.177 -0.66356 -76.5196  7.29277  78.9752  6.51264
 -3.73376   12.4892 -0.992508  -80.1239   6.07048    78.106   5.58751
 -1.66734   5.72045 -0.797925  -88.5101   4.64922   72.6772   3.91706
 0.0526237  -0.649484 -0.0116273   -96.1667    3.07293    67.8041    1.95716
   1.5201  -6.59423   1.19554  -103.123   1.41859   63.5275 -0.226217
-5.69192  34.3182 0.774488 -64.6119   6.2207   84.915  6.93996
-4.10427   28.121 0.490444 -73.3074  5.34378  78.6722  5.74557
-2.35299  22.1512 0.259315 -76.2796   4.2288  77.9063  4.85492
-0.439386   16.0682  0.448277  -76.1135     2.792   80.4542   4.08372
1.23957 9.57101 1.18059 -83.718 1.28487  75.863 2.25937
  2.63042    3.4804   2.36173  -91.3795 -0.279717   71.0742  0.176371
 3.72481 -2.13707   3.9469 -98.3035 -1.80238  66.8813 -2.00625
 -2.2879  37.3734 0.584858 -59.8873   3.7277  88.1869   6.4391
-0.749883   31.2252  0.511292  -68.7563    2.6938   81.9548   4.82645
0.873335  25.4378 0.646693 -76.3403  1.41287  76.6704  3.41306
  2.83145   19.7592   1.17685   -76.622 -0.173282   78.6802   2.47419
 4.72725  13.9776  2.29811  -78.396 -1.93699  79.5492  1.16758
 5.84004   8.1713  3.88856 -86.0655 -3.61968  74.8793 -1.03913
 6.65617  2.89184  5.84292 -92.9413 -5.25156  70.8333 -3.30402
 1.09887  40.7874 0.123124 -54.7848  1.47649  91.7247  6.23144
 2.68094  34.6643 0.195799 -63.8889 0.269507  85.4774   4.5459
 4.19679  28.9892 0.576532 -72.1544 -1.16727  79.6923  2.77002
 5.85618   23.677  1.26494 -77.2216  -2.8105  76.8912  1.15478
  7.91912   18.4226   2.50251  -77.9868  -4.70022   78.5955 -0.054013
 9.72278  13.2325  4.28111 -80.3741 -6.63335  78.9997 -1.74663
 10.3829  8.24972  6.56946 -87.2537 -8.49627  75.0786 -3.93108
